63,0
63,15
63,12
4294967279,247
4294967278,245
4294967279,174
4294967278,243
4294967279,243
43,4
4294967278,241
4294967278,560
4294967279,235
4294967279,233
4294967278,221
4294967279,363
4294967279,362
45,7
63,11
4294967279,379
4294967279,378
4294967279,183
4294967279,179
4294967279,377
4294967279,338
4294967279,360
4294967278,170
4294967278,331
4294967279,395
4294967279,169
4294967278,561
38,5
4294967279,167
4294967278,330
41,2
4294967279,164
4294967278,295
41,5
4294967279,162
41,4
39,4
41,7
41,6
45,4
4294967278,294
4294967279,296
38,4
4294967279,394
4294967294,915
4294967294,170
63,18
4294967279,159
4294967278,550
4294967294,430
4294967278,549
4294967278,548
4294967279,154
4294967278,525
4294967279,150
4294967278,571
4294967279,149
4294967279,148
4294967279,147
4294967278,329
4294967279,146
4294967279,145
4294967278,328
4294967279,144
4294967279,143
4294967279,142
4294967279,141
4294967278,547
4294967279,140
63,17
63,16
4294967279,139
4294967278,570
4294967279,274
4294967278,137
4294967278,569
4294967278,521
4294967278,327
4294967278,274
4294967278,275
4294967278,568
4294967278,272
4294967278,271
4294967279,269
4294967278,546
4294967278,545
4294967294,1416
4294967279,267
4294967278,281
4294967278,280
4294967278,519
4294967278,278
4294967278,567
4294967278,543
4294967278,542
4294967278,566
4294967279,248
4294967294,83
4294967279,230
4294967278,229
4294967278,227
4294967279,226
4294967279,222
4294967279,220
4294967278,215
4294967279,214
4294967278,559
4294967279,212
4294967278,558
4294967279,210
4294967294,470
4294967278,537
4294967278,557
4294967279,208
4294967279,207
4294967278,556
4294967278,326
4294967279,205
4294967278,249
4294967278,310
4294967278,565
4294967278,544
4294967278,309
4294967278,523
4294967278,325
4294967278,555
4294967278,554
4294967278,535
4294967278,534
4294967278,533
4294967278,532
63,14
63,13
4294967279,361
4294967278,553
63,5
63,6
4294967278,304
63,10
63,7
4294967278,301
4294967278,562
4294967294,911
4294967294,173
4294967294,945
4294967294,943
4294967294,942
4294967294,937
4294967294,926
4294967294,898
4294967294,896
4294967294,438
4294967294,831
4294967294,830
4294967278,552
4294967278,528
4294967279,157
4294967294,75
4294967294,104
4294967294,106
4294967294,169
4294967294,174
4294967294,450
4294967279,393
4294967279,359
4294967279,333
4294967279,358
4294967279,138
63,9
63,8
4294967279,25
4294967279,288
4294967279,24
4294967279,23
4294967279,392
4294967279,330
4294967279,279
4294967293,87
4294967293,86
4294967293,85
4294967293,84
4294967293,83
4294967293,82
4294967293,81
4294967293,80
4294967293,79
4294967293,78
4294967293,77
4294967293,76
4294967293,75
4294967293,74
4294967293,73
4294967293,72
4294967293,71
4294967293,70
4294967293,69
4294967293,68
4294967293,67
4294967293,66
4294967293,65
4294967293,64
4294967293,63
4294967293,62
4294967293,61
4294967293,60
4294967293,59
4294967293,58
4294967293,57
4294967293,56
4294967293,55
4294967293,54
4294967293,53
4294967293,52
4294967293,51
4294967293,50
4294967293,49
4294967293,48
4294967293,47
4294967293,46
4294967293,45
4294967293,44
4294967293,43
4294967293,42
4294967293,41
4294967293,40
4294967293,39
4294967293,38
4294967293,37
4294967293,36
4294967293,35
4294967293,34
4294967293,33
4294967293,32
4294967293,31
4294967293,30
4294967293,29
4294967293,28
4294967293,27
4294967293,26
4294967293,25
4294967293,24
4294967293,23
4294967293,22
4294967293,21
4294967293,20
4294967293,19
4294967293,18
4294967293,17
4294967293,16
4294967293,15
4294967293,14
4294967293,13
4294967293,12
4294967293,11
4294967293,10
4294967293,9
4294967293,8
4294967293,7
4294967293,6
4294967293,5
4294967293,4
4294967293,3
4294967279,52
4294967279,51
4294967279,50
4294967279,49
4294967279,48
4294967279,47
4294967279,46
4294967279,45
4294967279,44
4294967279,43
4294967279,42
4294967279,41
4294967279,40
4294967279,39
4294967279,38
4294967279,37
4294967279,36
4294967279,35
4294967279,34
4294967279,33
4294967279,32
4294967279,31
4294967279,30
4294967279,29
4294967279,28
4294967279,27
4294967279,26
4294967279,357
4294967279,266
4294967278,324
4294967278,540
4294967279,391
4294967279,264
4294967279,278
4294967279,326
4294967279,261
4294967279,275
4294967279,254
4294967279,356
4294967279,320
4294967279,253
4294967279,317
4294967278,253
4294967278,250
4294967278,244
4294967279,245
4294967279,364
4294967279,90
4294967279,89
4294967279,87
4294967279,86
4294967279,85
4294967279,84
4294967279,83
4294967279,82
4294967279,81
4294967279,80
4294967279,79
4294967279,78
4294967279,77
4294967279,76
4294967279,75
4294967279,74
4294967279,73
4294967279,72
4294967279,71
4294967279,70
4294967279,69
4294967279,68
4294967279,67
4294967279,66
4294967279,65
4294967279,64
4294967279,63
4294967279,62
4294967279,61
4294967279,60
4294967279,59
4294967279,58
4294967279,57
4294967279,56
4294967279,55
4294967279,54
4294967279,53
4294967279,241
4294967279,239
4294967278,236
4294967279,390
4294967279,231
4294967279,229
4294967278,224
4294967279,225
4294967279,223
4294967278,218
4294967279,389
4294967279,349
4294967278,207
4294967279,388
4294967278,205
4294967278,203
4294967279,347
4294967294,469
4294967294,12
4294967294,68
4294967294,11
4294967278,37
4294967278,35
4294967278,34
4294967278,33
4294967278,32
4294967278,31
4294967278,26
4294967278,24
4294967278,23
4294967278,22
4294967278,21
4294967278,19
4294967278,18
4294967278,17
4294967278,16
4294967278,13
4294967278,12
4294967278,9
4294967278,7
4294967278,6
4294967278,5
4294967278,4
4294967279,132
4294967279,131
4294967279,127
4294967279,126
4294967279,125
4294967279,124
4294967279,123
4294967279,122
4294967279,121
4294967279,120
4294967279,119
4294967279,118
4294967279,117
4294967279,116
4294967279,115
4294967279,114
4294967279,113
4294967279,112
4294967279,111
4294967279,110
4294967279,109
4294967279,108
4294967279,107
4294967279,106
4294967279,105
4294967279,104
